#Time (us) ; Current (mA) ; Voltage (V) ; PC ; IRQ 
282130000 ; 3.26076 ; 3.29491 ; 0 ; 0
282239000 ; 3.24981 ; 3.29575 ; 0 ; 0
282354000 ; 0.387565 ; 3.29483 ; 0 ; 0
282455000 ; 0.392435 ; 3.29628 ; 0 ; 0
282572000 ; 0.393652 ; 3.29491 ; 0 ; 0
282697000 ; 4.11663 ; 3.29651 ; 0 ; 0
282796000 ; 4.13246 ; 3.2972 ; 0 ; 0
282903000 ; 3.93402 ; 3.2959 ; 0 ; 0
283012000 ; 4.12029 ; 3.29605 ; 0 ; 0
283121000 ; 3.75627 ; 3.29575 ; 0 ; 0
283229000 ; 3.74896 ; 3.29613 ; 0 ; 0
283345000 ; 3.2632 ; 3.29582 ; 0 ; 0
283465000 ; 3.26198 ; 3.29559 ; 0 ; 0
283569000 ; 3.25955 ; 3.29613 ; 0 ; 0
283684000 ; 3.25102 ; 3.29575 ; 0 ; 0
283800000 ; 3.26198 ; 3.29559 ; 0 ; 0
283909000 ; 3.26685 ; 3.29582 ; 0 ; 0
284022000 ; 3.25955 ; 3.29529 ; 0 ; 0
284116000 ; 3.25711 ; 3.2975 ; 0 ; 0
284223000 ; 3.26076 ; 3.2959 ; 0 ; 0
284320000 ; 3.35207 ; 3.2959 ; 0 ; 0
284433000 ; 3.3399 ; 3.29559 ; 0 ; 0
284546000 ; 3.33381 ; 3.2959 ; 0 ; 0
284652000 ; 3.3119 ; 3.29521 ; 0 ; 0
284768000 ; 3.31677 ; 3.29605 ; 0 ; 0
284894000 ; 3.33016 ; 3.29567 ; 0 ; 0
285003000 ; 3.31433 ; 3.29544 ; 0 ; 0
285102000 ; 3.32285 ; 3.29659 ; 0 ; 0
285200000 ; 3.32772 ; 3.29582 ; 0 ; 0
285308000 ; 3.32042 ; 3.29575 ; 0 ; 0
285411000 ; 3.33016 ; 3.29773 ; 0 ; 0
285515000 ; 3.31433 ; 3.29811 ; 0 ; 0
285616000 ; 3.30946 ; 3.29643 ; 0 ; 0
285730000 ; 3.71974 ; 3.29575 ; 0 ; 0
285842000 ; 3.99002 ; 3.2959 ; 0 ; 0
285961000 ; 3.88532 ; 3.29575 ; 0 ; 0
286077000 ; 4.17142 ; 3.29613 ; 0 ; 0
286178000 ; 4.07524 ; 3.29636 ; 0 ; 0
286295000 ; 4.13733 ; 3.29582 ; 0 ; 0
286408000 ; 3.91819 ; 3.2959 ; 0 ; 0
286517000 ; 4.26029 ; 3.29582 ; 0 ; 0
286630000 ; 4.19699 ; 3.29567 ; 0 ; 0
286727000 ; 3.76479 ; 3.29613 ; 0 ; 0
286839000 ; 3.76722 ; 3.29582 ; 0 ; 0
286948000 ; 3.26563 ; 3.29559 ; 0 ; 0
287045000 ; 3.25589 ; 3.29552 ; 0 ; 0
287158000 ; 3.27537 ; 3.29559 ; 0 ; 0
287264000 ; 3.27537 ; 3.29552 ; 0 ; 0
287377000 ; 3.26076 ; 3.29536 ; 0 ; 0
287493000 ; 3.26442 ; 3.29575 ; 0 ; 0
287595000 ; 3.26928 ; 3.29567 ; 0 ; 0
287699000 ; 3.25833 ; 3.29567 ; 0 ; 0
287801000 ; 3.25955 ; 3.29567 ; 0 ; 0
287900000 ; 3.23885 ; 3.29559 ; 0 ; 0
288000000 ; 3.23885 ; 3.2959 ; 0 ; 0
288100000 ; 3.23885 ; 3.29582 ; 0 ; 0
288204000 ; 3.21328 ; 3.29552 ; 0 ; 0
288301000 ; 3.2218 ; 3.29582 ; 0 ; 0
288410000 ; 3.22911 ; 3.29575 ; 0 ; 0
288517000 ; 3.25833 ; 3.29597 ; 0 ; 0
288628000 ; 3.24128 ; 3.29521 ; 0 ; 0
288731000 ; 3.23154 ; 3.29552 ; 0 ; 0
288826000 ; 3.24372 ; 3.29567 ; 0 ; 0
288938000 ; 3.23276 ; 3.29567 ; 0 ; 0
289037000 ; 3.23398 ; 3.29842 ; 0 ; 0
289140000 ; 3.20598 ; 3.29735 ; 0 ; 0
289242000 ; 3.21693 ; 3.2959 ; 0 ; 0
289359000 ; 4.02776 ; 3.29536 ; 0 ; 0
289478000 ; 3.99489 ; 3.2959 ; 0 ; 0
289594000 ; 4.19577 ; 3.29544 ; 0 ; 0
289700000 ; 4.20429 ; 3.2959 ; 0 ; 0
289802000 ; 3.76601 ; 3.29582 ; 0 ; 0
289901000 ; 3.76601 ; 3.29582 ; 0 ; 0
290011000 ; 3.25589 ; 3.29582 ; 0 ; 0
290111000 ; 3.21693 ; 3.29567 ; 0 ; 0
290220000 ; 3.25102 ; 3.29567 ; 0 ; 0
290317000 ; 3.26685 ; 3.29559 ; 0 ; 0
290417000 ; 3.23398 ; 3.29575 ; 0 ; 0
290532000 ; 3.25468 ; 3.29536 ; 0 ; 0
290644000 ; 3.24737 ; 3.29559 ; 0 ; 0
290743000 ; 3.2632 ; 3.29552 ; 0 ; 0
290838000 ; 3.2425 ; 3.29544 ; 0 ; 0
290946000 ; 3.23154 ; 3.29552 ; 0 ; 0
291042000 ; 3.23154 ; 3.29544 ; 0 ; 0
291150000 ; 4.0302 ; 3.2959 ; 0 ; 0
291259000 ; 3.97176 ; 3.29559 ; 0 ; 0
291371000 ; 4.1422 ; 3.29567 ; 0 ; 0
291488000 ; 4.21768 ; 3.2959 ; 0 ; 0
291595000 ; 3.94254 ; 3.29552 ; 0 ; 0
291700000 ; 4.17994 ; 3.29559 ; 0 ; 0
291813000 ; 4.03141 ; 3.29582 ; 0 ; 0
291913000 ; 4.14464 ; 3.29552 ; 0 ; 0
292019000 ; 3.87193 ; 3.29597 ; 0 ; 0
292123000 ; 3.74775 ; 3.29575 ; 0 ; 0
292233000 ; 3.73314 ; 3.29529 ; 0 ; 0
292330000 ; 3.22667 ; 3.29536 ; 0 ; 0
292441000 ; 3.24859 ; 3.29575 ; 0 ; 0
292537000 ; 3.24615 ; 3.29567 ; 0 ; 0
292648000 ; 3.2352 ; 3.29521 ; 0 ; 0
292745000 ; 3.2425 ; 3.29567 ; 0 ; 0
292852000 ; 3.22667 ; 3.2959 ; 0 ; 0
292962000 ; 3.24372 ; 3.29552 ; 0 ; 0
293090000 ; 3.2352 ; 3.29567 ; 0 ; 0
293211000 ; 3.96445 ; 3.29636 ; 0 ; 0
293318000 ; 4.14585 ; 3.29567 ; 0 ; 0
293425000 ; 4.17507 ; 3.29605 ; 0 ; 0
293534000 ; 4.22864 ; 3.29597 ; 0 ; 0
293651000 ; 4.1702 ; 3.29613 ; 0 ; 0
293754000 ; 3.76235 ; 3.29575 ; 0 ; 0
293859000 ; 3.24615 ; 3.29575 ; 0 ; 0
293971000 ; 3.24372 ; 3.29575 ; 0 ; 0
294073000 ; 3.25955 ; 3.29575 ; 0 ; 0
294189000 ; 3.25224 ; 3.2962 ; 0 ; 0
294304000 ; 3.25346 ; 3.29575 ; 0 ; 0
294418000 ; 3.24615 ; 3.29529 ; 0 ; 0
294518000 ; 3.25346 ; 3.29567 ; 0 ; 0
294625000 ; 3.25346 ; 3.29552 ; 0 ; 0
294731000 ; 3.24615 ; 3.29689 ; 0 ; 0
294841000 ; 3.24981 ; 3.29536 ; 0 ; 0
294945000 ; 3.25711 ; 3.29559 ; 0 ; 0
295051000 ; 3.79401 ; 3.29597 ; 0 ; 0
295162000 ; 4.15072 ; 3.29597 ; 0 ; 0
295269000 ; 4.16412 ; 3.29567 ; 0 ; 0
295386000 ; 4.15803 ; 3.29605 ; 0 ; 0
295495000 ; 3.92793 ; 3.29597 ; 0 ; 0
295596000 ; 4.12029 ; 3.29582 ; 0 ; 0
295700000 ; 4.13733 ; 3.29567 ; 0 ; 0
295808000 ; 4.13611 ; 3.29605 ; 0 ; 0
295920000 ; 3.75748 ; 3.29605 ; 0 ; 0
296019000 ; 3.7587 ; 3.29597 ; 0 ; 0
296127000 ; 3.25955 ; 3.29582 ; 0 ; 0
296226000 ; 3.25589 ; 3.29811 ; 0 ; 0
296337000 ; 3.2705 ; 3.29597 ; 0 ; 0
296450000 ; 3.2632 ; 3.29582 ; 0 ; 0
296563000 ; 3.24737 ; 3.2959 ; 0 ; 0
296673000 ; 3.2632 ; 3.29575 ; 0 ; 0
296776000 ; 3.25102 ; 3.29529 ; 0 ; 0
296890000 ; 3.9888 ; 3.29605 ; 0 ; 0
296999000 ; 4.03385 ; 3.29781 ; 0 ; 0
297101000 ; 4.2116 ; 3.29758 ; 0 ; 0
297206000 ; 3.74166 ; 3.29613 ; 0 ; 0
297308000 ; 3.75262 ; 3.29613 ; 0 ; 0
297422000 ; 3.87314 ; 3.29605 ; 0 ; 0
297527000 ; 4.20307 ; 3.29582 ; 0 ; 0
297633000 ; 4.09837 ; 3.29605 ; 0 ; 0
297744000 ; 4.15072 ; 3.2959 ; 0 ; 0
297853000 ; 4.1629 ; 3.29605 ; 0 ; 0
297962000 ; 3.74044 ; 3.2959 ; 0 ; 0
298074000 ; 3.74166 ; 3.29773 ; 0 ; 0
298191000 ; 4.04602 ; 3.29605 ; 0 ; 0
298306000 ; 4.05454 ; 3.29613 ; 0 ; 0
298419000 ; 4.16533 ; 3.29575 ; 0 ; 0
298528000 ; 3.73922 ; 3.29613 ; 0 ; 0
298633000 ; 3.76114 ; 3.29597 ; 0 ; 0
298747000 ; 3.25346 ; 3.29567 ; 0 ; 0
298842000 ; 3.25102 ; 3.29826 ; 0 ; 0
298941000 ; 3.24737 ; 3.29582 ; 0 ; 0
299058000 ; 3.24494 ; 3.29575 ; 0 ; 0
299170000 ; 3.2425 ; 3.29582 ; 0 ; 0
299286000 ; 3.26685 ; 3.29597 ; 0 ; 0
488903000 ; 0.00162932 ; 3.29567 ; 0 ; 0
489003000 ; 0.00190779 ; 3.30032 ; 0 ; 0
489111000 ; 0.00206801 ; 3.29613 ; 0 ; 0
489214000 ; 0.00124022 ; 3.29948 ; 0 ; 0
489323000 ; 0.00164839 ; 3.29559 ; 0 ; 0
489435000 ; 0.00181624 ; 3.2972 ; 0 ; 0
499935000 ; 0.00230452 ; 3.29704 ; 0 ; 0
500054000 ; 0.00189634 ; 3.29781 ; 0 ; 0
500161000 ; 0.00114485 ; 3.29689 ; 0 ; 0
500263000 ; 0.0017552 ; 3.29811 ; 0 ; 0
500380000 ; 0.00114866 ; 3.29712 ; 0 ; 0
500487000 ; 0.00148054 ; 3.2962 ; 0 ; 0
500591000 ; 0.39487 ; 3.29681 ; 0 ; 0
500690000 ; 0.388782 ; 3.29529 ; 0 ; 0
500791000 ; 0.399739 ; 3.29582 ; 0 ; 0
500893000 ; 3.1585 ; 3.29674 ; 0 ; 0
500991000 ; 3.50425 ; 3.29613 ; 0 ; 0
501091000 ; 3.16458 ; 3.29559 ; 0 ; 0
501190000 ; 3.50425 ; 3.29796 ; 0 ; 0
501300000 ; 3.53226 ; 3.29597 ; 0 ; 0
501413000 ; 3.26807 ; 3.29613 ; 0 ; 0
501522000 ; 0.00309797 ; 3.29651 ; 0 ; 0
501636000 ; 0.00143858 ; 3.29819 ; 0 ; 0
501749000 ; 0.00127836 ; 3.29666 ; 0 ; 0
501864000 ; 0.00225111 ; 3.29651 ; 0 ; 0
501978000 ; 0.00175139 ; 3.29727 ; 0 ; 0
502082000 ; 0.00206801 ; 3.29697 ; 0 ; 0
502195000 ; 0.00174757 ; 3.29674 ; 0 ; 0
502300000 ; 0.00203749 ; 3.29674 ; 0 ; 0
502401000 ; 0.00186201 ; 3.29674 ; 0 ; 0
502517000 ; 0.00193068 ; 3.29674 ; 0 ; 0
502627000 ; 0.00140806 ; 3.29666 ; 0 ; 0
502742000 ; 0.0796437 ; 3.29567 ; 0 ; 0
502856000 ; 0.0793194 ; 3.2959 ; 0 ; 0
502972000 ; 0.00204893 ; 3.29651 ; 0 ; 0
503069000 ; 0.00124022 ; 3.29674 ; 0 ; 0
503185000 ; 0.0028958 ; 3.29697 ; 0 ; 0
503282000 ; 0.00138518 ; 3.29826 ; 0 ; 0
503387000 ; 0.00219008 ; 3.29689 ; 0 ; 0
503507000 ; 0.00211378 ; 3.29681 ; 0 ; 0
503620000 ; 0.00123259 ; 3.29704 ; 0 ; 0
503731000 ; 0.00169035 ; 3.29666 ; 0 ; 0
503842000 ; 0.00136992 ; 3.29704 ; 0 ; 0
503955000 ; 0.00178572 ; 3.29674 ; 0 ; 0
504070000 ; 0.0013127 ; 3.29666 ; 0 ; 0
504185000 ; 0.00143095 ; 3.29697 ; 0 ; 0
504291000 ; 0.00234648 ; 3.29681 ; 0 ; 0
504400000 ; 0.00151106 ; 3.29689 ; 0 ; 0
504510000 ; 0.00139662 ; 3.29674 ; 0 ; 0
504605000 ; 0.00202223 ; 3.29849 ; 0 ; 0
504714000 ; 0.00155684 ; 3.29659 ; 0 ; 0
504815000 ; 0.00163313 ; 3.29697 ; 0 ; 0
504922000 ; 3.34964 ; 3.29605 ; 0 ; 0
505031000 ; 3.34477 ; 3.29628 ; 0 ; 0
505150000 ; 3.5286 ; 3.29597 ; 0 ; 0
505266000 ; 3.36181 ; 3.29613 ; 0 ; 0
505386000 ; 3.42634 ; 3.29628 ; 0 ; 0
505508000 ; 3.50912 ; 3.29605 ; 0 ; 0
505621000 ; 3.31311 ; 3.29575 ; 0 ; 0
505731000 ; 3.56269 ; 3.29613 ; 0 ; 0
505841000 ; 3.27659 ; 3.29597 ; 0 ; 0
505961000 ; 0.00166365 ; 3.29704 ; 0 ; 0
506076000 ; 0.0013127 ; 3.2972 ; 0 ; 0
506189000 ; 0.00162169 ; 3.29689 ; 0 ; 0
506297000 ; 0.00223967 ; 3.29697 ; 0 ; 0
506401000 ; 0.00137373 ; 3.29826 ; 0 ; 0
506512000 ; 0.00148436 ; 3.29681 ; 0 ; 0
506608000 ; 0.00146147 ; 3.29674 ; 0 ; 0
506718000 ; 0.00212523 ; 3.29704 ; 0 ; 0
506828000 ; 0.00239988 ; 3.29659 ; 0 ; 0
506936000 ; 0.00209471 ; 3.29697 ; 0 ; 0
507049000 ; 0.00153395 ; 3.29674 ; 0 ; 0
507164000 ; 0.0841374 ; 3.2959 ; 0 ; 0
507267000 ; 0.07972 ; 3.29689 ; 0 ; 0
507381000 ; 0.000870191 ; 3.29666 ; 0 ; 0
507490000 ; 0.00253721 ; 3.29651 ; 0 ; 0
507598000 ; 0.00248762 ; 3.29674 ; 0 ; 0
507698000 ; 0.0014424 ; 3.29697 ; 0 ; 0
507809000 ; 0.00182005 ; 3.29681 ; 0 ; 0
507916000 ; 0.00162169 ; 3.29681 ; 0 ; 0
508027000 ; 0.00138518 ; 3.29674 ; 0 ; 0
508133000 ; 0.00267454 ; 3.2988 ; 0 ; 0
508242000 ; 0.0017552 ; 3.29689 ; 0 ; 0
508353000 ; 0.00107618 ; 3.29697 ; 0 ; 0
508464000 ; 0.000835859 ; 3.29674 ; 0 ; 0
508568000 ; 0.00190016 ; 3.29956 ; 0 ; 0
508683000 ; 0.00121733 ; 3.29689 ; 0 ; 0
508796000 ; 0.00265928 ; 3.29697 ; 0 ; 0
508904000 ; 3.50182 ; 3.29597 ; 0 ; 0
509011000 ; 3.43242 ; 3.29605 ; 0 ; 0
509123000 ; 3.47382 ; 3.29597 ; 0 ; 0
509236000 ; 3.28024 ; 3.29613 ; 0 ; 0
509347000 ; 3.27294 ; 3.29605 ; 0 ; 0
509459000 ; 0.00088545 ; 3.29674 ; 0 ; 0
509574000 ; 0.00246473 ; 3.29681 ; 0 ; 0
509694000 ; 0.00143095 ; 3.29689 ; 0 ; 0
509793000 ; 0.00186201 ; 3.29689 ; 0 ; 0
509899000 ; 0.00162932 ; 3.29689 ; 0 ; 0
509997000 ; 0.00273558 ; 3.2975 ; 0 ; 0
510096000 ; 0.00100752 ; 3.29689 ; 0 ; 0
510195000 ; 0.00176283 ; 3.2988 ; 0 ; 0
510299000 ; 0.000988447 ; 3.29735 ; 0 ; 0
510405000 ; 3.58582 ; 3.2962 ; 0 ; 0
510505000 ; 3.33016 ; 3.2962 ; 0 ; 0
510618000 ; 3.53834 ; 3.2962 ; 0 ; 0
510727000 ; 3.41781 ; 3.2962 ; 0 ; 0
510837000 ; 3.50182 ; 3.29628 ; 0 ; 0
510949000 ; 3.42999 ; 3.2962 ; 0 ; 0
511066000 ; 3.45556 ; 3.29666 ; 0 ; 0
511183000 ; 3.42147 ; 3.2962 ; 0 ; 0
511290000 ; 3.27659 ; 3.29597 ; 0 ; 0
511390000 ; 0.00151106 ; 3.29689 ; 0 ; 0
511496000 ; 0.00199171 ; 3.29704 ; 0 ; 0
511607000 ; 0.0017819 ; 3.29689 ; 0 ; 0
511707000 ; 0.00182005 ; 3.2972 ; 0 ; 0
511813000 ; 0.00132414 ; 3.29697 ; 0 ; 0
511924000 ; 0.00050398 ; 3.29704 ; 0 ; 0
512030000 ; 0.00244566 ; 3.29674 ; 0 ; 0
512139000 ; 3.51034 ; 3.2959 ; 0 ; 0
512254000 ; 3.6187 ; 3.29628 ; 0 ; 0
512371000 ; 3.13049 ; 3.29597 ; 0 ; 0
512487000 ; 3.52008 ; 3.29628 ; 0 ; 0
512591000 ; 3.58582 ; 3.29727 ; 0 ; 0
512691000 ; 3.28268 ; 3.29605 ; 0 ; 0
512798000 ; 0.000988447 ; 3.29689 ; 0 ; 0
512904000 ; 0.00125548 ; 3.29865 ; 0 ; 0
513003000 ; 0.00162932 ; 3.29697 ; 0 ; 0
513111000 ; 0.00204512 ; 3.29948 ; 0 ; 0
513209000 ; 0.00100371 ; 3.29697 ; 0 ; 0
513317000 ; 0.00110289 ; 3.2972 ; 0 ; 0
513428000 ; 0.000854932 ; 3.29651 ; 0 ; 0
513532000 ; 0.00210615 ; 3.29712 ; 0 ; 0
513637000 ; 0.0018582 ; 3.29681 ; 0 ; 0
513750000 ; 0.0016255 ; 3.29979 ; 0 ; 0
513869000 ; 3.29363 ; 3.29582 ; 0 ; 0
513981000 ; 3.2145 ; 3.2962 ; 0 ; 0
514082000 ; 3.48356 ; 3.29613 ; 0 ; 0
514193000 ; 3.4933 ; 3.29605 ; 0 ; 0
514297000 ; 3.43973 ; 3.29826 ; 0 ; 0
514406000 ; 3.51886 ; 3.2962 ; 0 ; 0
514513000 ; 3.47017 ; 3.29613 ; 0 ; 0
514616000 ; 3.54686 ; 3.29613 ; 0 ; 0
514715000 ; 3.23763 ; 3.29559 ; 0 ; 0
514826000 ; 3.26563 ; 3.29613 ; 0 ; 0
514943000 ; 0.00194212 ; 3.29704 ; 0 ; 0
515055000 ; 0.00188872 ; 3.29666 ; 0 ; 0
515171000 ; 0.00145765 ; 3.29651 ; 0 ; 0
515275000 ; 0.00213286 ; 3.29643 ; 0 ; 0
515389000 ; 0.00202223 ; 3.29628 ; 0 ; 0
515494000 ; 0.00169798 ; 3.29689 ; 0 ; 0
515606000 ; 3.53469 ; 3.29636 ; 0 ; 0
515714000 ; 3.49817 ; 3.29628 ; 0 ; 0
515820000 ; 3.2705 ; 3.29605 ; 0 ; 0
515935000 ; 3.46895 ; 3.29605 ; 0 ; 0
516031000 ; 3.48356 ; 3.29575 ; 0 ; 0
516129000 ; 3.4933 ; 3.29575 ; 0 ; 0
516240000 ; 3.50425 ; 3.29613 ; 0 ; 0
516350000 ; 3.45069 ; 3.29628 ; 0 ; 0
516449000 ; 3.43729 ; 3.29605 ; 0 ; 0
516565000 ; 3.25346 ; 3.29613 ; 0 ; 0
516681000 ; 3.46164 ; 3.2962 ; 0 ; 0
516784000 ; 3.49208 ; 3.29674 ; 0 ; 0
516887000 ; 3.50791 ; 3.29575 ; 0 ; 0
516994000 ; 3.44825 ; 3.29597 ; 0 ; 0
517106000 ; 3.27902 ; 3.29613 ; 0 ; 0
517214000 ; 0.00128981 ; 3.29689 ; 0 ; 0
517319000 ; 0.00148817 ; 3.29681 ; 0 ; 0
517428000 ; 0.00204512 ; 3.29681 ; 0 ; 0
517537000 ; 0.00174376 ; 3.29651 ; 0 ; 0
517649000 ; 0.00239607 ; 3.29674 ; 0 ; 0
517762000 ; 0.00115248 ; 3.29697 ; 0 ; 0
517883000 ; 0.00172468 ; 3.29681 ; 0 ; 0
517988000 ; 0.00154158 ; 3.29903 ; 0 ; 0
518094000 ; 0.00155684 ; 3.29651 ; 0 ; 0
518207000 ; 0.00148436 ; 3.29681 ; 0 ; 0
518313000 ; 0.0021443 ; 3.29659 ; 0 ; 0
