#Time (us) ; Current (mA) ; Voltage (V) ; PC ; IRQ 
282130000 ; 3.26076 ; 3.29491 ; 0 ; 0
282239000 ; 3.24981 ; 3.29575 ; 0 ; 0
282354000 ; 0.387565 ; 3.29483 ; 0 ; 0
282455000 ; 0.392435 ; 3.29628 ; 0 ; 0
282572000 ; 0.393652 ; 3.29491 ; 0 ; 0
282697000 ; 4.11663 ; 3.29651 ; 0 ; 0
282796000 ; 4.13246 ; 3.2972 ; 0 ; 0
282903000 ; 3.93402 ; 3.2959 ; 0 ; 0
283012000 ; 4.12029 ; 3.29605 ; 0 ; 0
283121000 ; 3.75627 ; 3.29575 ; 0 ; 0
283229000 ; 3.74896 ; 3.29613 ; 0 ; 0
283345000 ; 3.2632 ; 3.29582 ; 0 ; 0
283465000 ; 3.26198 ; 3.29559 ; 0 ; 0
283569000 ; 3.25955 ; 3.29613 ; 0 ; 0
283684000 ; 3.25102 ; 3.29575 ; 0 ; 0
283800000 ; 3.26198 ; 3.29559 ; 0 ; 0
283909000 ; 3.26685 ; 3.29582 ; 0 ; 0
284022000 ; 3.25955 ; 3.29529 ; 0 ; 0
284116000 ; 3.25711 ; 3.2975 ; 0 ; 0
284223000 ; 3.26076 ; 3.2959 ; 0 ; 0
284320000 ; 3.35207 ; 3.2959 ; 0 ; 0
284433000 ; 3.3399 ; 3.29559 ; 0 ; 0
284546000 ; 3.33381 ; 3.2959 ; 0 ; 0
284652000 ; 3.3119 ; 3.29521 ; 0 ; 0
284768000 ; 3.31677 ; 3.29605 ; 0 ; 0
284894000 ; 3.33016 ; 3.29567 ; 0 ; 0
285003000 ; 3.31433 ; 3.29544 ; 0 ; 0
285102000 ; 3.32285 ; 3.29659 ; 0 ; 0
285200000 ; 3.32772 ; 3.29582 ; 0 ; 0
285308000 ; 3.32042 ; 3.29575 ; 0 ; 0
285411000 ; 3.33016 ; 3.29773 ; 0 ; 0
285515000 ; 3.31433 ; 3.29811 ; 0 ; 0
285616000 ; 3.30946 ; 3.29643 ; 0 ; 0
285730000 ; 3.71974 ; 3.29575 ; 0 ; 0
285842000 ; 3.99002 ; 3.2959 ; 0 ; 0
285961000 ; 3.88532 ; 3.29575 ; 0 ; 0
286077000 ; 4.17142 ; 3.29613 ; 0 ; 0
286178000 ; 4.07524 ; 3.29636 ; 0 ; 0
286295000 ; 4.13733 ; 3.29582 ; 0 ; 0
286408000 ; 3.91819 ; 3.2959 ; 0 ; 0
286517000 ; 4.26029 ; 3.29582 ; 0 ; 0
286630000 ; 4.19699 ; 3.29567 ; 0 ; 0
286727000 ; 3.76479 ; 3.29613 ; 0 ; 0
286839000 ; 3.76722 ; 3.29582 ; 0 ; 0
286948000 ; 3.26563 ; 3.29559 ; 0 ; 0
287045000 ; 3.25589 ; 3.29552 ; 0 ; 0
287158000 ; 3.27537 ; 3.29559 ; 0 ; 0
287264000 ; 3.27537 ; 3.29552 ; 0 ; 0
287377000 ; 3.26076 ; 3.29536 ; 0 ; 0
287493000 ; 3.26442 ; 3.29575 ; 0 ; 0
287595000 ; 3.26928 ; 3.29567 ; 0 ; 0
287699000 ; 3.25833 ; 3.29567 ; 0 ; 0
287801000 ; 3.25955 ; 3.29567 ; 0 ; 0
287900000 ; 3.23885 ; 3.29559 ; 0 ; 0
288000000 ; 3.23885 ; 3.2959 ; 0 ; 0
288100000 ; 3.23885 ; 3.29582 ; 0 ; 0
288204000 ; 3.21328 ; 3.29552 ; 0 ; 0
288301000 ; 3.2218 ; 3.29582 ; 0 ; 0
288410000 ; 3.22911 ; 3.29575 ; 0 ; 0
288517000 ; 3.25833 ; 3.29597 ; 0 ; 0
288628000 ; 3.24128 ; 3.29521 ; 0 ; 0
288731000 ; 3.23154 ; 3.29552 ; 0 ; 0
288826000 ; 3.24372 ; 3.29567 ; 0 ; 0
288938000 ; 3.23276 ; 3.29567 ; 0 ; 0
289037000 ; 3.23398 ; 3.29842 ; 0 ; 0
289140000 ; 3.20598 ; 3.29735 ; 0 ; 0
289242000 ; 3.21693 ; 3.2959 ; 0 ; 0
289359000 ; 4.02776 ; 3.29536 ; 0 ; 0
289478000 ; 3.99489 ; 3.2959 ; 0 ; 0
289594000 ; 4.19577 ; 3.29544 ; 0 ; 0
289700000 ; 4.20429 ; 3.2959 ; 0 ; 0
289802000 ; 3.76601 ; 3.29582 ; 0 ; 0
289901000 ; 3.76601 ; 3.29582 ; 0 ; 0
290011000 ; 3.25589 ; 3.29582 ; 0 ; 0
290111000 ; 3.21693 ; 3.29567 ; 0 ; 0
290220000 ; 3.25102 ; 3.29567 ; 0 ; 0
290317000 ; 3.26685 ; 3.29559 ; 0 ; 0
290417000 ; 3.23398 ; 3.29575 ; 0 ; 0
290532000 ; 3.25468 ; 3.29536 ; 0 ; 0
290644000 ; 3.24737 ; 3.29559 ; 0 ; 0
290743000 ; 3.2632 ; 3.29552 ; 0 ; 0
290838000 ; 3.2425 ; 3.29544 ; 0 ; 0
290946000 ; 3.23154 ; 3.29552 ; 0 ; 0
291042000 ; 3.23154 ; 3.29544 ; 0 ; 0
291150000 ; 4.0302 ; 3.2959 ; 0 ; 0
291259000 ; 3.97176 ; 3.29559 ; 0 ; 0
291371000 ; 4.1422 ; 3.29567 ; 0 ; 0
291488000 ; 4.21768 ; 3.2959 ; 0 ; 0
291595000 ; 3.94254 ; 3.29552 ; 0 ; 0
291700000 ; 4.17994 ; 3.29559 ; 0 ; 0
291813000 ; 4.03141 ; 3.29582 ; 0 ; 0
291913000 ; 4.14464 ; 3.29552 ; 0 ; 0
292019000 ; 3.87193 ; 3.29597 ; 0 ; 0
292123000 ; 3.74775 ; 3.29575 ; 0 ; 0
292233000 ; 3.73314 ; 3.29529 ; 0 ; 0
292330000 ; 3.22667 ; 3.29536 ; 0 ; 0
292441000 ; 3.24859 ; 3.29575 ; 0 ; 0
292537000 ; 3.24615 ; 3.29567 ; 0 ; 0
292648000 ; 3.2352 ; 3.29521 ; 0 ; 0
292745000 ; 3.2425 ; 3.29567 ; 0 ; 0
292852000 ; 3.22667 ; 3.2959 ; 0 ; 0
292962000 ; 3.24372 ; 3.29552 ; 0 ; 0
293090000 ; 3.2352 ; 3.29567 ; 0 ; 0
293211000 ; 3.96445 ; 3.29636 ; 0 ; 0
293318000 ; 4.14585 ; 3.29567 ; 0 ; 0
293425000 ; 4.17507 ; 3.29605 ; 0 ; 0
293534000 ; 4.22864 ; 3.29597 ; 0 ; 0
293651000 ; 4.1702 ; 3.29613 ; 0 ; 0
293754000 ; 3.76235 ; 3.29575 ; 0 ; 0
293859000 ; 3.24615 ; 3.29575 ; 0 ; 0
293971000 ; 3.24372 ; 3.29575 ; 0 ; 0
294073000 ; 3.25955 ; 3.29575 ; 0 ; 0
294189000 ; 3.25224 ; 3.2962 ; 0 ; 0
294304000 ; 3.25346 ; 3.29575 ; 0 ; 0
294418000 ; 3.24615 ; 3.29529 ; 0 ; 0
294518000 ; 3.25346 ; 3.29567 ; 0 ; 0
294625000 ; 3.25346 ; 3.29552 ; 0 ; 0
294731000 ; 3.24615 ; 3.29689 ; 0 ; 0
294841000 ; 3.24981 ; 3.29536 ; 0 ; 0
294945000 ; 3.25711 ; 3.29559 ; 0 ; 0
295051000 ; 3.79401 ; 3.29597 ; 0 ; 0
295162000 ; 4.15072 ; 3.29597 ; 0 ; 0
295269000 ; 4.16412 ; 3.29567 ; 0 ; 0
295386000 ; 4.15803 ; 3.29605 ; 0 ; 0
295495000 ; 3.92793 ; 3.29597 ; 0 ; 0
295596000 ; 4.12029 ; 3.29582 ; 0 ; 0
295700000 ; 4.13733 ; 3.29567 ; 0 ; 0
295808000 ; 4.13611 ; 3.29605 ; 0 ; 0
295920000 ; 3.75748 ; 3.29605 ; 0 ; 0
296019000 ; 3.7587 ; 3.29597 ; 0 ; 0
296127000 ; 3.25955 ; 3.29582 ; 0 ; 0
296226000 ; 3.25589 ; 3.29811 ; 0 ; 0
296337000 ; 3.2705 ; 3.29597 ; 0 ; 0
296450000 ; 3.2632 ; 3.29582 ; 0 ; 0
296563000 ; 3.24737 ; 3.2959 ; 0 ; 0
296673000 ; 3.2632 ; 3.29575 ; 0 ; 0
296776000 ; 3.25102 ; 3.29529 ; 0 ; 0
296890000 ; 3.9888 ; 3.29605 ; 0 ; 0
296999000 ; 4.03385 ; 3.29781 ; 0 ; 0
297101000 ; 4.2116 ; 3.29758 ; 0 ; 0
297206000 ; 3.74166 ; 3.29613 ; 0 ; 0
297308000 ; 3.75262 ; 3.29613 ; 0 ; 0
297422000 ; 3.87314 ; 3.29605 ; 0 ; 0
297527000 ; 4.20307 ; 3.29582 ; 0 ; 0
297633000 ; 4.09837 ; 3.29605 ; 0 ; 0
297744000 ; 4.15072 ; 3.2959 ; 0 ; 0
297853000 ; 4.1629 ; 3.29605 ; 0 ; 0
297962000 ; 3.74044 ; 3.2959 ; 0 ; 0
298074000 ; 3.74166 ; 3.29773 ; 0 ; 0
298191000 ; 4.04602 ; 3.29605 ; 0 ; 0
298306000 ; 4.05454 ; 3.29613 ; 0 ; 0
298419000 ; 4.16533 ; 3.29575 ; 0 ; 0
298528000 ; 3.73922 ; 3.29613 ; 0 ; 0
298633000 ; 3.76114 ; 3.29597 ; 0 ; 0
298747000 ; 3.25346 ; 3.29567 ; 0 ; 0
298842000 ; 3.25102 ; 3.29826 ; 0 ; 0
298941000 ; 3.24737 ; 3.29582 ; 0 ; 0
299058000 ; 3.24494 ; 3.29575 ; 0 ; 0
299170000 ; 3.2425 ; 3.29582 ; 0 ; 0
299286000 ; 3.26685 ; 3.29597 ; 0 ; 0
488903000 ; 0.00162932 ; 3.29567 ; 0 ; 0
489003000 ; 0.00190779 ; 3.30032 ; 0 ; 0
489111000 ; 0.00206801 ; 3.29613 ; 0 ; 0
489214000 ; 0.00124022 ; 3.29948 ; 0 ; 0
489323000 ; 0.00164839 ; 3.29559 ; 0 ; 0
489435000 ; 0.00181624 ; 3.2972 ; 0 ; 0
499935000 ; 0.00230452 ; 3.29704 ; 0 ; 0
500054000 ; 0.00189634 ; 3.29781 ; 0 ; 0
500161000 ; 0.00114485 ; 3.29689 ; 0 ; 0
500263000 ; 0.0017552 ; 3.29811 ; 0 ; 0
500380000 ; 0.00114866 ; 3.29712 ; 0 ; 0
500487000 ; 0.00148054 ; 3.2962 ; 0 ; 0
500591000 ; 0.39487 ; 3.29681 ; 0 ; 0
500690000 ; 0.388782 ; 3.29529 ; 0 ; 0
500791000 ; 0.399739 ; 3.29582 ; 0 ; 0
500893000 ; 3.1585 ; 3.29674 ; 0 ; 0
500991000 ; 3.50425 ; 3.29613 ; 0 ; 0
501091000 ; 3.16458 ; 3.29559 ; 0 ; 0
501190000 ; 3.50425 ; 3.29796 ; 0 ; 0
501300000 ; 3.53226 ; 3.29597 ; 0 ; 0
501413000 ; 3.26807 ; 3.29613 ; 0 ; 0
501522000 ; 0.00309797 ; 3.29651 ; 0 ; 0
501636000 ; 0.00143858 ; 3.29819 ; 0 ; 0
501749000 ; 0.00127836 ; 3.29666 ; 0 ; 0
501864000 ; 0.00225111 ; 3.29651 ; 0 ; 0
501978000 ; 0.00175139 ; 3.29727 ; 0 ; 0
502082000 ; 0.00206801 ; 3.29697 ; 0 ; 0
502195000 ; 0.00174757 ; 3.29674 ; 0 ; 0
502300000 ; 0.00203749 ; 3.29674 ; 0 ; 0
502401000 ; 0.00186201 ; 3.29674 ; 0 ; 0
502517000 ; 0.00193068 ; 3.29674 ; 0 ; 0
502627000 ; 0.00140806 ; 3.29666 ; 0 ; 0
502742000 ; 0.0796437 ; 3.29567 ; 0 ; 0
502856000 ; 0.0793194 ; 3.2959 ; 0 ; 0
502972000 ; 0.00204893 ; 3.29651 ; 0 ; 0
503069000 ; 0.00124022 ; 3.29674 ; 0 ; 0
503185000 ; 0.0028958 ; 3.29697 ; 0 ; 0
503282000 ; 0.00138518 ; 3.29826 ; 0 ; 0
503387000 ; 0.00219008 ; 3.29689 ; 0 ; 0
503507000 ; 0.00211378 ; 3.29681 ; 0 ; 0
503620000 ; 0.00123259 ; 3.29704 ; 0 ; 0
503731000 ; 0.00169035 ; 3.29666 ; 0 ; 0
503842000 ; 0.00136992 ; 3.29704 ; 0 ; 0
503955000 ; 0.00178572 ; 3.29674 ; 0 ; 0
504070000 ; 0.0013127 ; 3.29666 ; 0 ; 0
504185000 ; 0.00143095 ; 3.29697 ; 0 ; 0
504291000 ; 0.00234648 ; 3.29681 ; 0 ; 0
504400000 ; 0.00151106 ; 3.29689 ; 0 ; 0
504510000 ; 0.00139662 ; 3.29674 ; 0 ; 0
504605000 ; 0.00202223 ; 3.29849 ; 0 ; 0
504714000 ; 0.00155684 ; 3.29659 ; 0 ; 0
504815000 ; 0.00163313 ; 3.29697 ; 0 ; 0
504922000 ; 3.34964 ; 3.29605 ; 0 ; 0
505031000 ; 3.34477 ; 3.29628 ; 0 ; 0
505150000 ; 3.5286 ; 3.29597 ; 0 ; 0
505266000 ; 3.36181 ; 3.29613 ; 0 ; 0
505386000 ; 3.42634 ; 3.29628 ; 0 ; 0
505508000 ; 3.50912 ; 3.29605 ; 0 ; 0
505621000 ; 3.31311 ; 3.29575 ; 0 ; 0
505731000 ; 3.56269 ; 3.29613 ; 0 ; 0
505841000 ; 3.27659 ; 3.29597 ; 0 ; 0
505961000 ; 0.00166365 ; 3.29704 ; 0 ; 0
506076000 ; 0.0013127 ; 3.2972 ; 0 ; 0
506189000 ; 0.00162169 ; 3.29689 ; 0 ; 0
506297000 ; 0.00223967 ; 3.29697 ; 0 ; 0
506401000 ; 0.00137373 ; 3.29826 ; 0 ; 0
506512000 ; 0.00148436 ; 3.29681 ; 0 ; 0
506608000 ; 0.00146147 ; 3.29674 ; 0 ; 0
506718000 ; 0.00212523 ; 3.29704 ; 0 ; 0
506828000 ; 0.00239988 ; 3.29659 ; 0 ; 0
506936000 ; 0.00209471 ; 3.29697 ; 0 ; 0
507049000 ; 0.00153395 ; 3.29674 ; 0 ; 0
507164000 ; 0.0841374 ; 3.2959 ; 0 ; 0
507267000 ; 0.07972 ; 3.29689 ; 0 ; 0
507381000 ; 0.000870191 ; 3.29666 ; 0 ; 0
507490000 ; 0.00253721 ; 3.29651 ; 0 ; 0
507598000 ; 0.00248762 ; 3.29674 ; 0 ; 0
507698000 ; 0.0014424 ; 3.29697 ; 0 ; 0
507809000 ; 0.00182005 ; 3.29681 ; 0 ; 0
507916000 ; 0.00162169 ; 3.29681 ; 0 ; 0
508027000 ; 0.00138518 ; 3.29674 ; 0 ; 0
508133000 ; 0.00267454 ; 3.2988 ; 0 ; 0
508242000 ; 0.0017552 ; 3.29689 ; 0 ; 0
508353000 ; 0.00107618 ; 3.29697 ; 0 ; 0
508464000 ; 0.000835859 ; 3.29674 ; 0 ; 0
508568000 ; 0.00190016 ; 3.29956 ; 0 ; 0
508683000 ; 0.00121733 ; 3.29689 ; 0 ; 0
508796000 ; 0.00265928 ; 3.29697 ; 0 ; 0
508904000 ; 3.50182 ; 3.29597 ; 0 ; 0
509011000 ; 3.43242 ; 3.29605 ; 0 ; 0
509123000 ; 3.47382 ; 3.29597 ; 0 ; 0
509236000 ; 3.28024 ; 3.29613 ; 0 ; 0
509347000 ; 3.27294 ; 3.29605 ; 0 ; 0
509459000 ; 0.00088545 ; 3.29674 ; 0 ; 0
509574000 ; 0.00246473 ; 3.29681 ; 0 ; 0
509694000 ; 0.00143095 ; 3.29689 ; 0 ; 0
509793000 ; 0.00186201 ; 3.29689 ; 0 ; 0
509899000 ; 0.00162932 ; 3.29689 ; 0 ; 0
509997000 ; 0.00273558 ; 3.2975 ; 0 ; 0
510096000 ; 0.00100752 ; 3.29689 ; 0 ; 0
510195000 ; 0.00176283 ; 3.2988 ; 0 ; 0
510299000 ; 0.000988447 ; 3.29735 ; 0 ; 0
510405000 ; 3.58582 ; 3.2962 ; 0 ; 0
510505000 ; 3.33016 ; 3.2962 ; 0 ; 0
510618000 ; 3.53834 ; 3.2962 ; 0 ; 0
510727000 ; 3.41781 ; 3.2962 ; 0 ; 0
510837000 ; 3.50182 ; 3.29628 ; 0 ; 0
510949000 ; 3.42999 ; 3.2962 ; 0 ; 0
511066000 ; 3.45556 ; 3.29666 ; 0 ; 0
511183000 ; 3.42147 ; 3.2962 ; 0 ; 0
511290000 ; 3.27659 ; 3.29597 ; 0 ; 0
511390000 ; 0.00151106 ; 3.29689 ; 0 ; 0
511496000 ; 0.00199171 ; 3.29704 ; 0 ; 0
511607000 ; 0.0017819 ; 3.29689 ; 0 ; 0
511707000 ; 0.00182005 ; 3.2972 ; 0 ; 0
511813000 ; 0.00132414 ; 3.29697 ; 0 ; 0
511924000 ; 0.00050398 ; 3.29704 ; 0 ; 0
512030000 ; 0.00244566 ; 3.29674 ; 0 ; 0
512139000 ; 3.51034 ; 3.2959 ; 0 ; 0
512254000 ; 3.6187 ; 3.29628 ; 0 ; 0
512371000 ; 3.13049 ; 3.29597 ; 0 ; 0
512487000 ; 3.52008 ; 3.29628 ; 0 ; 0
512591000 ; 3.58582 ; 3.29727 ; 0 ; 0
512691000 ; 3.28268 ; 3.29605 ; 0 ; 0
512798000 ; 0.000988447 ; 3.29689 ; 0 ; 0
512904000 ; 0.00125548 ; 3.29865 ; 0 ; 0
513003000 ; 0.00162932 ; 3.29697 ; 0 ; 0
513111000 ; 0.00204512 ; 3.29948 ; 0 ; 0
513209000 ; 0.00100371 ; 3.29697 ; 0 ; 0
513317000 ; 0.00110289 ; 3.2972 ; 0 ; 0
513428000 ; 0.000854932 ; 3.29651 ; 0 ; 0
513532000 ; 0.00210615 ; 3.29712 ; 0 ; 0
513637000 ; 0.0018582 ; 3.29681 ; 0 ; 0
513750000 ; 0.0016255 ; 3.29979 ; 0 ; 0
513869000 ; 3.29363 ; 3.29582 ; 0 ; 0
513981000 ; 3.2145 ; 3.2962 ; 0 ; 0
514082000 ; 3.48356 ; 3.29613 ; 0 ; 0
514193000 ; 3.4933 ; 3.29605 ; 0 ; 0
514297000 ; 3.43973 ; 3.29826 ; 0 ; 0
514406000 ; 3.51886 ; 3.2962 ; 0 ; 0
514513000 ; 3.47017 ; 3.29613 ; 0 ; 0
514616000 ; 3.54686 ; 3.29613 ; 0 ; 0
514715000 ; 3.23763 ; 3.29559 ; 0 ; 0
514826000 ; 3.26563 ; 3.29613 ; 0 ; 0
514943000 ; 0.00194212 ; 3.29704 ; 0 ; 0
515055000 ; 0.00188872 ; 3.29666 ; 0 ; 0
515171000 ; 0.00145765 ; 3.29651 ; 0 ; 0
515275000 ; 0.00213286 ; 3.29643 ; 0 ; 0
515389000 ; 0.00202223 ; 3.29628 ; 0 ; 0
515494000 ; 0.00169798 ; 3.29689 ; 0 ; 0
515606000 ; 3.53469 ; 3.29636 ; 0 ; 0
515714000 ; 3.49817 ; 3.29628 ; 0 ; 0
515820000 ; 3.2705 ; 3.29605 ; 0 ; 0
515935000 ; 3.46895 ; 3.29605 ; 0 ; 0
516031000 ; 3.48356 ; 3.29575 ; 0 ; 0
516129000 ; 3.4933 ; 3.29575 ; 0 ; 0
516240000 ; 3.50425 ; 3.29613 ; 0 ; 0
516350000 ; 3.45069 ; 3.29628 ; 0 ; 0
516449000 ; 3.43729 ; 3.29605 ; 0 ; 0
516565000 ; 3.25346 ; 3.29613 ; 0 ; 0
516681000 ; 3.46164 ; 3.2962 ; 0 ; 0
516784000 ; 3.49208 ; 3.29674 ; 0 ; 0
516887000 ; 3.50791 ; 3.29575 ; 0 ; 0
516994000 ; 3.44825 ; 3.29597 ; 0 ; 0
517106000 ; 3.27902 ; 3.29613 ; 0 ; 0
517214000 ; 0.00128981 ; 3.29689 ; 0 ; 0
517319000 ; 0.00148817 ; 3.29681 ; 0 ; 0
517428000 ; 0.00204512 ; 3.29681 ; 0 ; 0
517537000 ; 0.00174376 ; 3.29651 ; 0 ; 0
517649000 ; 0.00239607 ; 3.29674 ; 0 ; 0
517762000 ; 0.00115248 ; 3.29697 ; 0 ; 0
517883000 ; 0.00172468 ; 3.29681 ; 0 ; 0
517988000 ; 0.00154158 ; 3.29903 ; 0 ; 0
518094000 ; 0.00155684 ; 3.29651 ; 0 ; 0
518207000 ; 0.00148436 ; 3.29681 ; 0 ; 0
518313000 ; 0.0021443 ; 3.29659 ; 0 ; 0
591690000 ; 0.00198027 ; 3.29704 ; 0 ; 0
591809000 ; 0.000915967 ; 3.29689 ; 0 ; 0
591925000 ; 0.00181624 ; 3.29697 ; 0 ; 0
592039000 ; 0.00197264 ; 3.29681 ; 0 ; 0
592151000 ; 0.00179716 ; 3.29666 ; 0 ; 0
592255000 ; 0.00197264 ; 3.2962 ; 0 ; 0
592362000 ; 0.00167128 ; 3.29765 ; 0 ; 0
592463000 ; 0.00167509 ; 3.29697 ; 0 ; 0
592578000 ; 0.00206801 ; 3.29613 ; 0 ; 0
592670000 ; 0.000793897 ; 3.29697 ; 0 ; 0
592770000 ; 0.0012097 ; 3.29674 ; 0 ; 0
592883000 ; 0.381478 ; 3.29521 ; 0 ; 0
592980000 ; 0.391217 ; 3.29453 ; 0 ; 0
593084000 ; 0.397305 ; 3.2962 ; 0 ; 0
593185000 ; 3.00023 ; 3.29865 ; 0 ; 0
593302000 ; 3.01484 ; 3.2959 ; 0 ; 0
593419000 ; 3.1098 ; 3.2959 ; 0 ; 0
593531000 ; 3.13658 ; 3.29582 ; 0 ; 0
593635000 ; 2.98927 ; 3.2959 ; 0 ; 0
593751000 ; 3.09641 ; 3.29842 ; 0 ; 0
593850000 ; 2.79082 ; 3.29605 ; 0 ; 0
593949000 ; 2.9077 ; 3.29758 ; 0 ; 0
594048000 ; 0.0276913 ; 3.29689 ; 0 ; 0
594148000 ; 0.00182768 ; 3.2988 ; 0 ; 0
594260000 ; 0.00215574 ; 3.29689 ; 0 ; 0
594367000 ; 0.00168654 ; 3.29674 ; 0 ; 0
594467000 ; 0.00178953 ; 3.29666 ; 0 ; 0
594566000 ; 0.00114866 ; 3.29727 ; 0 ; 0
594673000 ; 0.0013661 ; 3.29697 ; 0 ; 0
594767000 ; 0.00167128 ; 3.2991 ; 0 ; 0
594877000 ; 0.0823559 ; 3.29597 ; 0 ; 0
594983000 ; 0.0834126 ; 3.29605 ; 0 ; 0
595091000 ; 0.00645491 ; 3.29674 ; 0 ; 0
595199000 ; 0.0011067 ; 3.29697 ; 0 ; 0
595313000 ; 0.00133177 ; 3.29659 ; 0 ; 0
595430000 ; 0.00222822 ; 3.29643 ; 0 ; 0
595542000 ; 0.00157591 ; 3.29704 ; 0 ; 0
595654000 ; 0.00151869 ; 3.29674 ; 0 ; 0
595763000 ; 0.00232359 ; 3.29659 ; 0 ; 0
595874000 ; 0.00116774 ; 3.29659 ; 0 ; 0
595970000 ; 0.00134321 ; 3.29956 ; 0 ; 0
596085000 ; 0.00155302 ; 3.29689 ; 0 ; 0
596183000 ; 0.00180861 ; 3.2972 ; 0 ; 0
596290000 ; 0.00106856 ; 3.29697 ; 0 ; 0
596404000 ; 3.21572 ; 3.29613 ; 0 ; 0
596517000 ; 3.15971 ; 3.29582 ; 0 ; 0
596635000 ; 2.93205 ; 3.29597 ; 0 ; 0
596749000 ; 2.94909 ; 3.29605 ; 0 ; 0
596849000 ; 3.2145 ; 3.2962 ; 0 ; 0
596952000 ; 3.13536 ; 3.29865 ; 0 ; 0
597051000 ; 3.21572 ; 3.29811 ; 0 ; 0
597151000 ; 2.9284 ; 3.29613 ; 0 ; 0
597249000 ; 3.18285 ; 3.2959 ; 0 ; 0
597355000 ; 2.94544 ; 3.2959 ; 0 ; 0
597463000 ; 2.96736 ; 3.29605 ; 0 ; 0
597562000 ; 3.08301 ; 3.29697 ; 0 ; 0
597668000 ; 2.92231 ; 3.29605 ; 0 ; 0
597770000 ; 0.00148054 ; 3.29681 ; 0 ; 0
597879000 ; 0.00112196 ; 3.29689 ; 0 ; 0
597980000 ; 0.00171705 ; 3.29689 ; 0 ; 0
598077000 ; 0.0809979 ; 3.29597 ; 0 ; 0
598191000 ; 0.0824132 ; 3.29636 ; 0 ; 0
598303000 ; 0.000954114 ; 3.29681 ; 0 ; 0
598405000 ; 0.00190016 ; 3.29712 ; 0 ; 0
598518000 ; 0.000893079 ; 3.29659 ; 0 ; 0
598636000 ; 0.00128599 ; 3.29697 ; 0 ; 0
598750000 ; 0.00143858 ; 3.2972 ; 0 ; 0
598852000 ; 0.00199553 ; 3.29674 ; 0 ; 0
598963000 ; 0.00104948 ; 3.29689 ; 0 ; 0
599077000 ; 0.00128599 ; 3.29689 ; 0 ; 0
599184000 ; 0.00210234 ; 3.29712 ; 0 ; 0
599295000 ; 0.0013127 ; 3.29697 ; 0 ; 0
599397000 ; 0.0025868 ; 3.2988 ; 0 ; 0
599518000 ; 0.0013661 ; 3.29727 ; 0 ; 0
599634000 ; 3.22424 ; 3.29582 ; 0 ; 0
599750000 ; 3.09275 ; 3.29597 ; 0 ; 0
599854000 ; 2.85657 ; 3.29636 ; 0 ; 0
599953000 ; 3.13415 ; 3.2959 ; 0 ; 0
600052000 ; 3.16945 ; 3.29803 ; 0 ; 0
600157000 ; 2.9004 ; 3.2959 ; 0 ; 0
600260000 ; 2.91135 ; 3.29605 ; 0 ; 0
600359000 ; 0.00205275 ; 3.29826 ; 0 ; 0
600473000 ; 0.00210997 ; 3.29681 ; 0 ; 0
600579000 ; 0.00128981 ; 3.29689 ; 0 ; 0
600679000 ; 0.00236555 ; 3.29674 ; 0 ; 0
600786000 ; 0.0016255 ; 3.29689 ; 0 ; 0
600895000 ; 0.00165602 ; 3.29681 ; 0 ; 0
601006000 ; 0.00110289 ; 3.29727 ; 0 ; 0
601118000 ; 0.00104185 ; 3.29674 ; 0 ; 0
601234000 ; 0.00124785 ; 3.29704 ; 0 ; 0
601350000 ; 2.87118 ; 3.29666 ; 0 ; 0
601458000 ; 3.11223 ; 3.29605 ; 0 ; 0
601571000 ; 3.13536 ; 3.29643 ; 0 ; 0
601669000 ; 3.18406 ; 3.29742 ; 0 ; 0
601770000 ; 3.10371 ; 3.29582 ; 0 ; 0
601874000 ; 3.12806 ; 3.29582 ; 0 ; 0
601984000 ; 3.13049 ; 3.2962 ; 0 ; 0
602094000 ; 2.98684 ; 3.29582 ; 0 ; 0
602193000 ; 3.14023 ; 3.29597 ; 0 ; 0
602299000 ; 3.08545 ; 3.29597 ; 0 ; 0
602413000 ; 3.14267 ; 3.29605 ; 0 ; 0
602523000 ; 2.93083 ; 3.2959 ; 0 ; 0
602638000 ; 2.90892 ; 3.29796 ; 0 ; 0
602762000 ; 0.00174757 ; 3.29697 ; 0 ; 0
602870000 ; 0.00179716 ; 3.29689 ; 0 ; 0
602982000 ; 0.00135466 ; 3.29674 ; 0 ; 0
603080000 ; 0.00231978 ; 3.29666 ; 0 ; 0
603193000 ; 3.13293 ; 3.29575 ; 0 ; 0
603308000 ; 3.1451 ; 3.29582 ; 0 ; 0
603408000 ; 3.16337 ; 3.29582 ; 0 ; 0
603505000 ; 2.92961 ; 3.29628 ; 0 ; 0
603615000 ; 2.81152 ; 3.29651 ; 0 ; 0
603717000 ; 3.05745 ; 3.29582 ; 0 ; 0
603831000 ; 2.91257 ; 3.29605 ; 0 ; 0
603935000 ; 2.92596 ; 3.29597 ; 0 ; 0
604053000 ; 0.00202986 ; 3.29674 ; 0 ; 0
604158000 ; 0.00217482 ; 3.29681 ; 0 ; 0
604261000 ; 0.00186964 ; 3.29689 ; 0 ; 0
604372000 ; 0.00160261 ; 3.29697 ; 0 ; 0
604481000 ; 0.00180479 ; 3.29681 ; 0 ; 0
604589000 ; 3.15728 ; 3.29636 ; 0 ; 0
604703000 ; 2.9771 ; 3.29613 ; 0 ; 0
604815000 ; 3.09275 ; 3.29651 ; 0 ; 0
604931000 ; 3.10006 ; 3.29636 ; 0 ; 0
605036000 ; 3.03188 ; 3.29613 ; 0 ; 0
605151000 ; 3.11467 ; 3.29628 ; 0 ; 0
605260000 ; 3.15484 ; 3.29597 ; 0 ; 0
605363000 ; 2.8237 ; 3.2962 ; 0 ; 0
605473000 ; 3.16458 ; 3.29636 ; 0 ; 0
605570000 ; 2.82978 ; 3.29926 ; 0 ; 0
605676000 ; 2.83465 ; 3.29613 ; 0 ; 0
605776000 ; 2.93692 ; 3.29582 ; 0 ; 0
605887000 ; 2.90648 ; 3.29605 ; 0 ; 0
606000000 ; 0.00177809 ; 3.29666 ; 0 ; 0
606109000 ; 0.00205275 ; 3.29689 ; 0 ; 0
606208000 ; 0.00192686 ; 3.29727 ; 0 ; 0
606300000 ; 3.13658 ; 3.29643 ; 0 ; 0
606418000 ; 2.83222 ; 3.29605 ; 0 ; 0
606537000 ; 2.90892 ; 3.29613 ; 0 ; 0
606652000 ; 2.9004 ; 3.29628 ; 0 ; 0
606758000 ; 3.05501 ; 3.29605 ; 0 ; 0
606862000 ; 3.04893 ; 3.29773 ; 0 ; 0
606976000 ; 3.11832 ; 3.29628 ; 0 ; 0
607083000 ; 3.13902 ; 3.29613 ; 0 ; 0
607196000 ; 3.15484 ; 3.29628 ; 0 ; 0
607306000 ; 2.85291 ; 3.29605 ; 0 ; 0
607403000 ; 2.97223 ; 3.2959 ; 0 ; 0
607496000 ; 2.95153 ; 3.29613 ; 0 ; 0
607606000 ; 2.92353 ; 3.29605 ; 0 ; 0
607720000 ; 2.91744 ; 3.29597 ; 0 ; 0
607822000 ; 3.10615 ; 3.2959 ; 0 ; 0
607939000 ; 2.94544 ; 3.29575 ; 0 ; 0
608053000 ; 3.14876 ; 3.29597 ; 0 ; 0
608160000 ; 2.87483 ; 3.29575 ; 0 ; 0
608265000 ; 3.13536 ; 3.29758 ; 0 ; 0
608363000 ; 2.91622 ; 3.29613 ; 0 ; 0
608477000 ; 0.00193831 ; 3.29742 ; 0 ; 0
608583000 ; 0.00230833 ; 3.29704 ; 0 ; 0
608691000 ; 0.00160643 ; 3.29643 ; 0 ; 0
608805000 ; 0.00143095 ; 3.29681 ; 0 ; 0
608902000 ; 0.00169798 ; 3.29956 ; 0 ; 0
609018000 ; 0.00176283 ; 3.29689 ; 0 ; 0
609132000 ; 0.00167509 ; 3.29704 ; 0 ; 0
609249000 ; 0.000645124 ; 3.29735 ; 0 ; 0
609352000 ; 0.00208326 ; 3.29704 ; 0 ; 0
609467000 ; 0.00225493 ; 3.29689 ; 0 ; 0
609565000 ; 0.00111433 ; 3.29674 ; 0 ; 0
609677000 ; 0.00125166 ; 3.29689 ; 0 ; 0
609790000 ; 0.002274 ; 3.29689 ; 0 ; 0
609890000 ; 0.00223967 ; 3.29712 ; 0 ; 0
