#Time (us) ; Current (mA) ; Voltage (V) ; PC ; IRQ 
282130000 ; 3.26076 ; 3.29491 ; 0 ; 0
282239000 ; 3.24981 ; 3.29575 ; 0 ; 0
282354000 ; 0.387565 ; 3.29483 ; 0 ; 0
282455000 ; 0.392435 ; 3.29628 ; 0 ; 0
282572000 ; 0.393652 ; 3.29491 ; 0 ; 0
282697000 ; 4.11663 ; 3.29651 ; 0 ; 0
282796000 ; 4.13246 ; 3.2972 ; 0 ; 0
282903000 ; 3.93402 ; 3.2959 ; 0 ; 0
283012000 ; 4.12029 ; 3.29605 ; 0 ; 0
283121000 ; 3.75627 ; 3.29575 ; 0 ; 0
283229000 ; 3.74896 ; 3.29613 ; 0 ; 0
283345000 ; 3.2632 ; 3.29582 ; 0 ; 0
283465000 ; 3.26198 ; 3.29559 ; 0 ; 0
283569000 ; 3.25955 ; 3.29613 ; 0 ; 0
283684000 ; 3.25102 ; 3.29575 ; 0 ; 0
283800000 ; 3.26198 ; 3.29559 ; 0 ; 0
283909000 ; 3.26685 ; 3.29582 ; 0 ; 0
284022000 ; 3.25955 ; 3.29529 ; 0 ; 0
284116000 ; 3.25711 ; 3.2975 ; 0 ; 0
284223000 ; 3.26076 ; 3.2959 ; 0 ; 0
284320000 ; 3.35207 ; 3.2959 ; 0 ; 0
284433000 ; 3.3399 ; 3.29559 ; 0 ; 0
284546000 ; 3.33381 ; 3.2959 ; 0 ; 0
284652000 ; 3.3119 ; 3.29521 ; 0 ; 0
284768000 ; 3.31677 ; 3.29605 ; 0 ; 0
284894000 ; 3.33016 ; 3.29567 ; 0 ; 0
285003000 ; 3.31433 ; 3.29544 ; 0 ; 0
285102000 ; 3.32285 ; 3.29659 ; 0 ; 0
285200000 ; 3.32772 ; 3.29582 ; 0 ; 0
285308000 ; 3.32042 ; 3.29575 ; 0 ; 0
285411000 ; 3.33016 ; 3.29773 ; 0 ; 0
285515000 ; 3.31433 ; 3.29811 ; 0 ; 0
285616000 ; 3.30946 ; 3.29643 ; 0 ; 0
285730000 ; 3.71974 ; 3.29575 ; 0 ; 0
285842000 ; 3.99002 ; 3.2959 ; 0 ; 0
285961000 ; 3.88532 ; 3.29575 ; 0 ; 0
286077000 ; 4.17142 ; 3.29613 ; 0 ; 0
286178000 ; 4.07524 ; 3.29636 ; 0 ; 0
286295000 ; 4.13733 ; 3.29582 ; 0 ; 0
286408000 ; 3.91819 ; 3.2959 ; 0 ; 0
286517000 ; 4.26029 ; 3.29582 ; 0 ; 0
286630000 ; 4.19699 ; 3.29567 ; 0 ; 0
286727000 ; 3.76479 ; 3.29613 ; 0 ; 0
286839000 ; 3.76722 ; 3.29582 ; 0 ; 0
286948000 ; 3.26563 ; 3.29559 ; 0 ; 0
287045000 ; 3.25589 ; 3.29552 ; 0 ; 0
287158000 ; 3.27537 ; 3.29559 ; 0 ; 0
287264000 ; 3.27537 ; 3.29552 ; 0 ; 0
287377000 ; 3.26076 ; 3.29536 ; 0 ; 0
287493000 ; 3.26442 ; 3.29575 ; 0 ; 0
287595000 ; 3.26928 ; 3.29567 ; 0 ; 0
287699000 ; 3.25833 ; 3.29567 ; 0 ; 0
287801000 ; 3.25955 ; 3.29567 ; 0 ; 0
287900000 ; 3.23885 ; 3.29559 ; 0 ; 0
288000000 ; 3.23885 ; 3.2959 ; 0 ; 0
288100000 ; 3.23885 ; 3.29582 ; 0 ; 0
288204000 ; 3.21328 ; 3.29552 ; 0 ; 0
288301000 ; 3.2218 ; 3.29582 ; 0 ; 0
288410000 ; 3.22911 ; 3.29575 ; 0 ; 0
288517000 ; 3.25833 ; 3.29597 ; 0 ; 0
288628000 ; 3.24128 ; 3.29521 ; 0 ; 0
288731000 ; 3.23154 ; 3.29552 ; 0 ; 0
288826000 ; 3.24372 ; 3.29567 ; 0 ; 0
288938000 ; 3.23276 ; 3.29567 ; 0 ; 0
289037000 ; 3.23398 ; 3.29842 ; 0 ; 0
289140000 ; 3.20598 ; 3.29735 ; 0 ; 0
289242000 ; 3.21693 ; 3.2959 ; 0 ; 0
289359000 ; 4.02776 ; 3.29536 ; 0 ; 0
289478000 ; 3.99489 ; 3.2959 ; 0 ; 0
289594000 ; 4.19577 ; 3.29544 ; 0 ; 0
289700000 ; 4.20429 ; 3.2959 ; 0 ; 0
289802000 ; 3.76601 ; 3.29582 ; 0 ; 0
289901000 ; 3.76601 ; 3.29582 ; 0 ; 0
290011000 ; 3.25589 ; 3.29582 ; 0 ; 0
290111000 ; 3.21693 ; 3.29567 ; 0 ; 0
290220000 ; 3.25102 ; 3.29567 ; 0 ; 0
290317000 ; 3.26685 ; 3.29559 ; 0 ; 0
290417000 ; 3.23398 ; 3.29575 ; 0 ; 0
290532000 ; 3.25468 ; 3.29536 ; 0 ; 0
290644000 ; 3.24737 ; 3.29559 ; 0 ; 0
290743000 ; 3.2632 ; 3.29552 ; 0 ; 0
290838000 ; 3.2425 ; 3.29544 ; 0 ; 0
290946000 ; 3.23154 ; 3.29552 ; 0 ; 0
291042000 ; 3.23154 ; 3.29544 ; 0 ; 0
291150000 ; 4.0302 ; 3.2959 ; 0 ; 0
291259000 ; 3.97176 ; 3.29559 ; 0 ; 0
291371000 ; 4.1422 ; 3.29567 ; 0 ; 0
291488000 ; 4.21768 ; 3.2959 ; 0 ; 0
291595000 ; 3.94254 ; 3.29552 ; 0 ; 0
291700000 ; 4.17994 ; 3.29559 ; 0 ; 0
291813000 ; 4.03141 ; 3.29582 ; 0 ; 0
291913000 ; 4.14464 ; 3.29552 ; 0 ; 0
292019000 ; 3.87193 ; 3.29597 ; 0 ; 0
292123000 ; 3.74775 ; 3.29575 ; 0 ; 0
292233000 ; 3.73314 ; 3.29529 ; 0 ; 0
292330000 ; 3.22667 ; 3.29536 ; 0 ; 0
292441000 ; 3.24859 ; 3.29575 ; 0 ; 0
292537000 ; 3.24615 ; 3.29567 ; 0 ; 0
292648000 ; 3.2352 ; 3.29521 ; 0 ; 0
292745000 ; 3.2425 ; 3.29567 ; 0 ; 0
292852000 ; 3.22667 ; 3.2959 ; 0 ; 0
292962000 ; 3.24372 ; 3.29552 ; 0 ; 0
293090000 ; 3.2352 ; 3.29567 ; 0 ; 0
293211000 ; 3.96445 ; 3.29636 ; 0 ; 0
293318000 ; 4.14585 ; 3.29567 ; 0 ; 0
293425000 ; 4.17507 ; 3.29605 ; 0 ; 0
293534000 ; 4.22864 ; 3.29597 ; 0 ; 0
293651000 ; 4.1702 ; 3.29613 ; 0 ; 0
293754000 ; 3.76235 ; 3.29575 ; 0 ; 0
293859000 ; 3.24615 ; 3.29575 ; 0 ; 0
293971000 ; 3.24372 ; 3.29575 ; 0 ; 0
294073000 ; 3.25955 ; 3.29575 ; 0 ; 0
294189000 ; 3.25224 ; 3.2962 ; 0 ; 0
294304000 ; 3.25346 ; 3.29575 ; 0 ; 0
294418000 ; 3.24615 ; 3.29529 ; 0 ; 0
294518000 ; 3.25346 ; 3.29567 ; 0 ; 0
294625000 ; 3.25346 ; 3.29552 ; 0 ; 0
294731000 ; 3.24615 ; 3.29689 ; 0 ; 0
294841000 ; 3.24981 ; 3.29536 ; 0 ; 0
294945000 ; 3.25711 ; 3.29559 ; 0 ; 0
295051000 ; 3.79401 ; 3.29597 ; 0 ; 0
295162000 ; 4.15072 ; 3.29597 ; 0 ; 0
295269000 ; 4.16412 ; 3.29567 ; 0 ; 0
295386000 ; 4.15803 ; 3.29605 ; 0 ; 0
295495000 ; 3.92793 ; 3.29597 ; 0 ; 0
295596000 ; 4.12029 ; 3.29582 ; 0 ; 0
295700000 ; 4.13733 ; 3.29567 ; 0 ; 0
295808000 ; 4.13611 ; 3.29605 ; 0 ; 0
295920000 ; 3.75748 ; 3.29605 ; 0 ; 0
296019000 ; 3.7587 ; 3.29597 ; 0 ; 0
296127000 ; 3.25955 ; 3.29582 ; 0 ; 0
296226000 ; 3.25589 ; 3.29811 ; 0 ; 0
296337000 ; 3.2705 ; 3.29597 ; 0 ; 0
296450000 ; 3.2632 ; 3.29582 ; 0 ; 0
296563000 ; 3.24737 ; 3.2959 ; 0 ; 0
296673000 ; 3.2632 ; 3.29575 ; 0 ; 0
296776000 ; 3.25102 ; 3.29529 ; 0 ; 0
296890000 ; 3.9888 ; 3.29605 ; 0 ; 0
296999000 ; 4.03385 ; 3.29781 ; 0 ; 0
297101000 ; 4.2116 ; 3.29758 ; 0 ; 0
297206000 ; 3.74166 ; 3.29613 ; 0 ; 0
297308000 ; 3.75262 ; 3.29613 ; 0 ; 0
297422000 ; 3.87314 ; 3.29605 ; 0 ; 0
297527000 ; 4.20307 ; 3.29582 ; 0 ; 0
297633000 ; 4.09837 ; 3.29605 ; 0 ; 0
297744000 ; 4.15072 ; 3.2959 ; 0 ; 0
297853000 ; 4.1629 ; 3.29605 ; 0 ; 0
297962000 ; 3.74044 ; 3.2959 ; 0 ; 0
298074000 ; 3.74166 ; 3.29773 ; 0 ; 0
298191000 ; 4.04602 ; 3.29605 ; 0 ; 0
298306000 ; 4.05454 ; 3.29613 ; 0 ; 0
298419000 ; 4.16533 ; 3.29575 ; 0 ; 0
298528000 ; 3.73922 ; 3.29613 ; 0 ; 0
298633000 ; 3.76114 ; 3.29597 ; 0 ; 0
298747000 ; 3.25346 ; 3.29567 ; 0 ; 0
298842000 ; 3.25102 ; 3.29826 ; 0 ; 0
298941000 ; 3.24737 ; 3.29582 ; 0 ; 0
299058000 ; 3.24494 ; 3.29575 ; 0 ; 0
299170000 ; 3.2425 ; 3.29582 ; 0 ; 0
299286000 ; 3.26685 ; 3.29597 ; 0 ; 0
